[gd_scene load_steps=13 format=2]

[ext_resource path="res://objects/level/level.tscn" type="PackedScene" id=1]
[ext_resource path="res://Levels/Level 4/pool.obj" type="ArrayMesh" id=2]
[ext_resource path="res://objects/hand/hand.tscn" type="PackedScene" id=3]
[ext_resource path="res://objects/word_manager/word_manager.tscn" type="PackedScene" id=4]
[ext_resource path="res://objects/soup/soup.tscn" type="PackedScene" id=5]
[ext_resource path="res://objects/soup/soup_material.tres" type="Material" id=6]
[ext_resource path="res://objects/letter/letter.tscn" type="PackedScene" id=7]

[sub_resource type="PlaneMesh" id=1]
size = Vector2( 100, 100 )

[sub_resource type="BoxShape" id=2]
extents = Vector3( 100, 100, 100 )

[sub_resource type="CylinderShape" id=3]
height = 20.261
radius = 10.833

[sub_resource type="BoxShape" id=4]
extents = Vector3( 4, 20, 1 )

[sub_resource type="BoxShape" id=5]
extents = Vector3( 10, 10, 1 )

[node name="Spatial" type="Spatial"]

[node name="Level" parent="." instance=ExtResource( 1 )]
level_index = 3
camera = NodePath("../Camera")

[node name="Camera" type="Camera" parent="."]
transform = Transform( 1, 0, 0, 0, 0.5, 0.866025, 0, -0.866025, 0.5, 0, 22.906, 21.225 )

[node name="Environment" type="Spatial" parent="."]

[node name="MeshInstance" type="MeshInstance" parent="Environment"]
transform = Transform( 6, 0, 0, 0, 6, 0, 0, 0, 6, 0, -4.94834, 0 )
mesh = ExtResource( 2 )

[node name="OmniLight" type="OmniLight" parent="Environment"]
transform = Transform( 1, 0, 0, 0, 1, 0, 0, 0, 1, 10.0829, 80.7733, 48.2642 )
light_color = Color( 0.27451, 0.27451, 0.27451, 1 )
shadow_enabled = true
shadow_color = Color( 0.439216, 0.439216, 0.439216, 1 )
omni_range = 4096.0
omni_attenuation = 1e-05
omni_shadow_mode = 0

[node name="Soup" parent="Environment" instance=ExtResource( 5 )]
level = NodePath("../../Level")
surface = 0.0

[node name="MeshInstance" type="MeshInstance" parent="Environment/Soup"]
mesh = SubResource( 1 )
material/0 = ExtResource( 6 )

[node name="CollisionShape" type="CollisionShape" parent="Environment/Soup"]
transform = Transform( 1, 0, 0, 0, 1, 0, 0, 0, 1, 0, -100, 0 )
shape = SubResource( 2 )

[node name="Pool boundaries" type="StaticBody" parent="Environment"]

[node name="CollisionShape" type="CollisionShape" parent="Environment/Pool boundaries"]
transform = Transform( 1, 0, 0, 0, 1, 0, 0, 0, 1, -4.18053, -6.02021, 0 )
shape = SubResource( 3 )

[node name="CollisionShape2" type="CollisionShape" parent="Environment/Pool boundaries"]
transform = Transform( 1, 0, 0, 0, 1, 0, 0, 0, 1, 3.74085, -6.02021, 0 )
shape = SubResource( 3 )

[node name="CollisionShape3" type="CollisionShape" parent="Environment/Pool boundaries"]
transform = Transform( 1, 0, 0, 0, 1, 0, 0, 0, 1, 0, -15.878, -9.84982 )
shape = SubResource( 4 )

[node name="CollisionShape4" type="CollisionShape" parent="Environment/Pool boundaries"]
transform = Transform( 1, 0, 0, 0, 1, 0, 0, 0, 1, 0, -15.878, 9.80457 )
shape = SubResource( 4 )

[node name="CollisionShape5" type="CollisionShape" parent="Environment/Pool boundaries"]
transform = Transform( 1, 0, 0, 0, 1, 0, 0, 0, 1, 0, 0, 19.4361 )
shape = SubResource( 5 )

[node name="CollisionShape6" type="CollisionShape" parent="Environment/Pool boundaries"]
transform = Transform( 0.974142, 0, -0.225937, 0, 1, 0, 0.225937, 0, 0.974142, -10.4174, -9.53674e-07, 18.4971 )
shape = SubResource( 5 )

[node name="CollisionShape7" type="CollisionShape" parent="Environment/Pool boundaries"]
transform = Transform( 0.825616, 0, -0.564232, 0, 1, 0, 0.564232, 0, 0.825616, -17.7348, -9.53674e-07, 15.415 )
shape = SubResource( 5 )

[node name="CollisionShape8" type="CollisionShape" parent="Environment/Pool boundaries"]
transform = Transform( 0.563007, 0, -0.826452, 0, 1, 0, 0.826452, 0, 0.563007, -22.3443, -9.53674e-07, 11.7544 )
shape = SubResource( 5 )

[node name="CollisionShape9" type="CollisionShape" parent="Environment/Pool boundaries"]
transform = Transform( 0.240685, 0, -0.970603, 0, 1, 0, 0.970603, 0, 0.240685, -25.393, -9.53674e-07, 6.14952 )
shape = SubResource( 5 )

[node name="CollisionShape17" type="CollisionShape" parent="Environment/Pool boundaries"]
transform = Transform( 0.974142, 0, -0.225937, 0, 1, 0, -0.232457, 0, -1.00225, -10.4174, -9.53674e-07, -17.3759 )
shape = SubResource( 5 )

[node name="CollisionShape22" type="CollisionShape" parent="Environment/Pool boundaries"]
transform = Transform( 0.825616, 0, -0.564232, 0, 1, 0, -0.580514, 0, -0.84944, -17.7348, -9.53674e-07, -14.205 )
shape = SubResource( 5 )

[node name="CollisionShape23" type="CollisionShape" parent="Environment/Pool boundaries"]
transform = Transform( 0.563007, 0, -0.826452, 0, 1, 0, -0.8503, 0, -0.579253, -22.3443, -9.53674e-07, -10.4387 )
shape = SubResource( 5 )

[node name="CollisionShape24" type="CollisionShape" parent="Environment/Pool boundaries"]
transform = Transform( 0.240685, 0, -0.970603, 0, 1, 0, -0.99861, 0, -0.247631, -25.393, -9.53674e-07, -4.67208 )
shape = SubResource( 5 )

[node name="CollisionShape10" type="CollisionShape" parent="Environment/Pool boundaries"]
transform = Transform( -4.37114e-08, 0, -1, 0, 1, 0, 1, 0, -4.37114e-08, -25.622, -9.53674e-07, -0.680108 )
shape = SubResource( 5 )

[node name="CollisionShape11" type="CollisionShape" parent="Environment/Pool boundaries"]
transform = Transform( -0.999959, 0, -0.00907553, 0, 1, 0, 0.00907553, 0, -0.999959, -1.34064, 0, -18.553 )
shape = SubResource( 5 )

[node name="CollisionShape12" type="CollisionShape" parent="Environment/Pool boundaries"]
transform = Transform( -0.976152, 0, 0.217087, 0, 1, 0, -0.217087, 0, -0.976152, 9.08488, -9.53674e-07, -17.7085 )
shape = SubResource( 5 )

[node name="CollisionShape13" type="CollisionShape" parent="Environment/Pool boundaries"]
transform = Transform( -0.830703, 0, 0.556716, 0, 1, 0, -0.556716, 0, -0.830703, 16.4299, -9.53674e-07, -14.693 )
shape = SubResource( 5 )

[node name="CollisionShape14" type="CollisionShape" parent="Environment/Pool boundaries"]
transform = Transform( -0.570484, 0, 0.821309, 0, 1, 0, -0.821309, 0, -0.570484, 21.0724, -9.53674e-07, -11.0744 )
shape = SubResource( 5 )

[node name="CollisionShape15" type="CollisionShape" parent="Environment/Pool boundaries"]
transform = Transform( -0.249484, 0, 0.968379, 0, 1, 0, -0.968379, 0, -0.249484, 24.1718, -9.53674e-07, -5.49741 )
shape = SubResource( 5 )

[node name="CollisionShape16" type="CollisionShape" parent="Environment/Pool boundaries"]
transform = Transform( -0.00907549, 0, 0.999959, 0, 1, 0, -0.999959, 0, -0.00907549, 24.4629, -9.53674e-07, 1.32986 )
shape = SubResource( 5 )

[node name="CollisionShape18" type="CollisionShape" parent="Environment/Pool boundaries"]
transform = Transform( -0.976152, 0, 0.217087, 0, 1, 0, 0.21948, 0, 0.986912, 9.08488, -9.53674e-07, 18.2514 )
shape = SubResource( 5 )

[node name="CollisionShape19" type="CollisionShape" parent="Environment/Pool boundaries"]
transform = Transform( -0.830703, 0, 0.556716, 0, 1, 0, 0.562853, 0, 0.83986, 16.4299, -9.53674e-07, 15.2027 )
shape = SubResource( 5 )

[node name="CollisionShape20" type="CollisionShape" parent="Environment/Pool boundaries"]
transform = Transform( -0.570484, 0, 0.821309, 0, 1, 0, 0.830362, 0, 0.576773, 21.0724, -9.53674e-07, 11.5441 )
shape = SubResource( 5 )

[node name="CollisionShape21" type="CollisionShape" parent="Environment/Pool boundaries"]
transform = Transform( -0.249484, 0, 0.968379, 0, 1, 0, 0.979053, 0, 0.252234, 24.1718, -9.53674e-07, 5.90568 )
shape = SubResource( 5 )

[node name="Hand" parent="." instance=ExtResource( 3 )]
transform = Transform( 1, 0, 0, 0, 1, 0, 0, 0, 1, 0, 5.00907, 19.565 )
camera = NodePath("../Camera")
word_manager = NodePath("../Word manager")
level = NodePath("../Level")

[node name="Word manager" parent="." instance=ExtResource( 4 )]
transform = Transform( 1, 0, 0, 0, 1, 0, 0, 0, 1, 0.892, 11.606, 10.506 )
camera = NodePath("../Camera")
level = NodePath("../Level")

[node name="Letter" parent="." instance=ExtResource( 7 )]
transform = Transform( 1, 0, 0, 0, 1, 0, 0, 0, 1, 0, 4.43681, 15.2959 )
